        1    1      1   1    -0.500 -0.500 -0.500      0.013281407     0.866  
        1    1      1   2    -0.500 -0.500 -0.500      0.000000000     0.866  
        1    1      2   1    -0.500 -0.500 -0.500      0.000000000     0.866  
        1    1      2   2    -0.500 -0.500 -0.500      0.000000000     0.866  
        1    1      1   1     0.500 -0.500 -0.500      0.013281403     0.866  
        1    1      1   2     0.500 -0.500 -0.500      0.000000000     0.866  
        1    1      2   1     0.500 -0.500 -0.500      0.000000000     0.866  
        1    1      2   2     0.500 -0.500 -0.500      0.000000000     0.866  
        1    1      1   1    -0.500  0.500 -0.500      0.013281403     0.866  
        1    1      1   2    -0.500  0.500 -0.500      0.000000000     0.866  
        1    1      2   1    -0.500  0.500 -0.500      0.000000000     0.866  
        1    1      2   2    -0.500  0.500 -0.500      0.000000000     0.866  
        1    1      1   1     0.500  0.500 -0.500      0.013281403     0.866  
        1    1      1   2     0.500  0.500 -0.500      0.000000000     0.866  
        1    1      2   1     0.500  0.500 -0.500      0.000000000     0.866  
        1    1      2   2     0.500  0.500 -0.500      0.000000000     0.866  
        1    1      1   1    -0.500 -0.500  0.500      0.013281403     0.866  
        1    1      1   2    -0.500 -0.500  0.500      0.000000000     0.866  
        1    1      2   1    -0.500 -0.500  0.500      0.000000000     0.866  
        1    1      2   2    -0.500 -0.500  0.500      0.000000000     0.866  
        1    1      1   1     0.500 -0.500  0.500      0.013281403     0.866  
        1    1      1   2     0.500 -0.500  0.500      0.000000000     0.866  
        1    1      2   1     0.500 -0.500  0.500      0.000000000     0.866  
        1    1      2   2     0.500 -0.500  0.500      0.000000000     0.866  
        1    1      1   1    -0.500  0.500  0.500      0.013281403     0.866  
        1    1      1   2    -0.500  0.500  0.500      0.000000000     0.866  
        1    1      2   1    -0.500  0.500  0.500      0.000000000     0.866  
        1    1      2   2    -0.500  0.500  0.500      0.000000000     0.866  
        1    1      1   1     0.500  0.500  0.500      0.013281407     0.866  
        1    1      1   2     0.500  0.500  0.500      0.000000000     0.866  
        1    1      2   1     0.500  0.500  0.500      0.000000000     0.866  
        1    1      2   2     0.500  0.500  0.500      0.000000000     0.866  
        1    1      1   1     0.000  0.000 -1.000      0.129999812     1.000  
        1    1      1   2     0.000  0.000 -1.000     -0.000000000     1.000  
        1    1      2   1     0.000  0.000 -1.000     -0.000000000     1.000  
        1    1      2   2     0.000  0.000 -1.000     -0.000000000     1.000  
        1    1      1   1     0.000 -1.000  0.000      0.130023048     1.000  
        1    1      1   2     0.000 -1.000  0.000     -0.000000000     1.000  
        1    1      2   1     0.000 -1.000  0.000     -0.000000000     1.000  
        1    1      2   2     0.000 -1.000  0.000     -0.000000000     1.000  
        1    1      1   1    -1.000  0.000  0.000      0.130383611     1.000  
        1    1      1   2    -1.000  0.000  0.000     -0.000000000     1.000  
        1    1      2   1    -1.000  0.000  0.000     -0.000000000     1.000  
        1    1      2   2    -1.000  0.000  0.000     -0.000000000     1.000  
        1    1      1   1     1.000  0.000  0.000      0.130383611     1.000  
        1    1      1   2     1.000  0.000  0.000     -0.000000000     1.000  
        1    1      2   1     1.000  0.000  0.000     -0.000000000     1.000  
        1    1      2   2     1.000  0.000  0.000     -0.000000000     1.000  
        1    1      1   1     0.000  1.000  0.000      0.130023048     1.000  
        1    1      1   2     0.000  1.000  0.000     -0.000000000     1.000  
        1    1      2   1     0.000  1.000  0.000     -0.000000000     1.000  
        1    1      2   2     0.000  1.000  0.000     -0.000000000     1.000  
        1    1      1   1     0.000  0.000  1.000      0.129999812     1.000  
        1    1      1   2     0.000  0.000  1.000     -0.000000000     1.000  
        1    1      2   1     0.000  0.000  1.000     -0.000000000     1.000  
        1    1      2   2     0.000  0.000  1.000     -0.000000000     1.000  
        1    1      1   1     0.000 -1.000 -1.000     -0.006289810     1.414  
        1    1      1   2     0.000 -1.000 -1.000      0.000000000     1.414  
        1    1      2   1     0.000 -1.000 -1.000      0.000000000     1.414  
        1    1      2   2     0.000 -1.000 -1.000     -0.000000000     1.414  
        1    1      1   1    -1.000  0.000 -1.000     -0.006231721     1.414  
        1    1      1   2    -1.000  0.000 -1.000      0.000000000     1.414  
        1    1      2   1    -1.000  0.000 -1.000      0.000000000     1.414  
        1    1      2   2    -1.000  0.000 -1.000     -0.000000000     1.414  
        1    1      1   1     1.000  0.000 -1.000     -0.006231721     1.414  
        1    1      1   2     1.000  0.000 -1.000      0.000000000     1.414  
        1    1      2   1     1.000  0.000 -1.000      0.000000000     1.414  
        1    1      2   2     1.000  0.000 -1.000     -0.000000000     1.414  
        1    1      1   1     0.000  1.000 -1.000     -0.006289809     1.414  
        1    1      1   2     0.000  1.000 -1.000      0.000000000     1.414  
        1    1      2   1     0.000  1.000 -1.000      0.000000000     1.414  
        1    1      2   2     0.000  1.000 -1.000     -0.000000000     1.414  
        1    1      1   1    -1.000 -1.000  0.000     -0.006226135     1.414  
        1    1      1   2    -1.000 -1.000  0.000      0.000000000     1.414  
        1    1      2   1    -1.000 -1.000  0.000      0.000000000     1.414  
        1    1      2   2    -1.000 -1.000  0.000     -0.000000000     1.414  
        1    1      1   1     1.000 -1.000  0.000     -0.006226135     1.414  
        1    1      1   2     1.000 -1.000  0.000      0.000000000     1.414  
        1    1      2   1     1.000 -1.000  0.000      0.000000000     1.414  
        1    1      2   2     1.000 -1.000  0.000     -0.000000000     1.414  
        1    1      1   1    -1.000  1.000  0.000     -0.006226135     1.414  
        1    1      1   2    -1.000  1.000  0.000      0.000000000     1.414  
        1    1      2   1    -1.000  1.000  0.000      0.000000000     1.414  
        1    1      2   2    -1.000  1.000  0.000     -0.000000000     1.414  
        1    1      1   1     1.000  1.000  0.000     -0.006226135     1.414  
        1    1      1   2     1.000  1.000  0.000      0.000000000     1.414  
        1    1      2   1     1.000  1.000  0.000      0.000000000     1.414  
        1    1      2   2     1.000  1.000  0.000     -0.000000000     1.414  
        1    1      1   1     0.000 -1.000  1.000     -0.006289809     1.414  
        1    1      1   2     0.000 -1.000  1.000      0.000000000     1.414  
        1    1      2   1     0.000 -1.000  1.000      0.000000000     1.414  
        1    1      2   2     0.000 -1.000  1.000     -0.000000000     1.414  
        1    1      1   1    -1.000  0.000  1.000     -0.006231721     1.414  
        1    1      1   2    -1.000  0.000  1.000      0.000000000     1.414  
        1    1      2   1    -1.000  0.000  1.000      0.000000000     1.414  
        1    1      2   2    -1.000  0.000  1.000     -0.000000000     1.414  
        1    1      1   1     1.000  0.000  1.000     -0.006231721     1.414  
        1    1      1   2     1.000  0.000  1.000      0.000000000     1.414  
        1    1      2   1     1.000  0.000  1.000      0.000000000     1.414  
        1    1      2   2     1.000  0.000  1.000     -0.000000000     1.414  
        1    1      1   1     0.000  1.000  1.000     -0.006289810     1.414  
        1    1      1   2     0.000  1.000  1.000      0.000000000     1.414  
        1    1      2   1     0.000  1.000  1.000      0.000000000     1.414  
        1    1      2   2     0.000  1.000  1.000     -0.000000000     1.414  
        1    1      1   1    -0.500 -0.500 -1.500      0.020206549     1.658  
        1    1      1   2    -0.500 -0.500 -1.500     -0.000000000     1.658  
        1    1      2   1    -0.500 -0.500 -1.500     -0.000000000     1.658  
        1    1      2   2    -0.500 -0.500 -1.500      0.000000000     1.658  
        1    1      1   1     0.500 -0.500 -1.500      0.020206551     1.658  
        1    1      1   2     0.500 -0.500 -1.500     -0.000000000     1.658  
        1    1      2   1     0.500 -0.500 -1.500     -0.000000000     1.658  
        1    1      2   2     0.500 -0.500 -1.500      0.000000000     1.658  
        1    1      1   1    -0.500  0.500 -1.500      0.020206551     1.658  
        1    1      1   2    -0.500  0.500 -1.500     -0.000000000     1.658  
        1    1      2   1    -0.500  0.500 -1.500     -0.000000000     1.658  
        1    1      2   2    -0.500  0.500 -1.500      0.000000000     1.658  
        1    1      1   1     0.500  0.500 -1.500      0.020206550     1.658  
        1    1      1   2     0.500  0.500 -1.500     -0.000000000     1.658  
        1    1      2   1     0.500  0.500 -1.500     -0.000000000     1.658  
        1    1      2   2     0.500  0.500 -1.500      0.000000000     1.658  
        1    1      1   1    -0.500 -1.500 -0.500      0.020204717     1.658  
        1    1      1   2    -0.500 -1.500 -0.500     -0.000000000     1.658  
        1    1      2   1    -0.500 -1.500 -0.500     -0.000000000     1.658  
        1    1      2   2    -0.500 -1.500 -0.500      0.000000000     1.658  
        1    1      1   1     0.500 -1.500 -0.500      0.020204718     1.658  
        1    1      1   2     0.500 -1.500 -0.500     -0.000000000     1.658  
        1    1      2   1     0.500 -1.500 -0.500     -0.000000000     1.658  
        1    1      2   2     0.500 -1.500 -0.500      0.000000000     1.658  
        1    1      1   1    -1.500 -0.500 -0.500      0.020287048     1.658  
        1    1      1   2    -1.500 -0.500 -0.500     -0.000000000     1.658  
        1    1      2   1    -1.500 -0.500 -0.500     -0.000000000     1.658  
        1    1      2   2    -1.500 -0.500 -0.500      0.000000000     1.658  
        1    1      1   1     1.500 -0.500 -0.500      0.020287049     1.658  
        1    1      1   2     1.500 -0.500 -0.500     -0.000000000     1.658  
        1    1      2   1     1.500 -0.500 -0.500     -0.000000000     1.658  
        1    1      2   2     1.500 -0.500 -0.500      0.000000000     1.658  
        1    1      1   1    -1.500  0.500 -0.500      0.020287049     1.658  
        1    1      1   2    -1.500  0.500 -0.500     -0.000000000     1.658  
        1    1      2   1    -1.500  0.500 -0.500     -0.000000000     1.658  
        1    1      2   2    -1.500  0.500 -0.500      0.000000000     1.658  
        1    1      1   1     1.500  0.500 -0.500      0.020287050     1.658  
        1    1      1   2     1.500  0.500 -0.500     -0.000000000     1.658  
        1    1      2   1     1.500  0.500 -0.500     -0.000000000     1.658  
        1    1      2   2     1.500  0.500 -0.500      0.000000000     1.658  
        1    1      1   1    -0.500  1.500 -0.500      0.020204718     1.658  
        1    1      1   2    -0.500  1.500 -0.500     -0.000000000     1.658  
        1    1      2   1    -0.500  1.500 -0.500     -0.000000000     1.658  
        1    1      2   2    -0.500  1.500 -0.500      0.000000000     1.658  
        1    1      1   1     0.500  1.500 -0.500      0.020204718     1.658  
        1    1      1   2     0.500  1.500 -0.500     -0.000000000     1.658  
        1    1      2   1     0.500  1.500 -0.500     -0.000000000     1.658  
        1    1      2   2     0.500  1.500 -0.500      0.000000000     1.658  
        1    1      1   1    -0.500 -1.500  0.500      0.020204718     1.658  
        1    1      1   2    -0.500 -1.500  0.500     -0.000000000     1.658  
        1    1      2   1    -0.500 -1.500  0.500     -0.000000000     1.658  
        1    1      2   2    -0.500 -1.500  0.500      0.000000000     1.658  
        1    1      1   1     0.500 -1.500  0.500      0.020204718     1.658  
        1    1      1   2     0.500 -1.500  0.500     -0.000000000     1.658  
        1    1      2   1     0.500 -1.500  0.500     -0.000000000     1.658  
        1    1      2   2     0.500 -1.500  0.500      0.000000000     1.658  
        1    1      1   1    -1.500 -0.500  0.500      0.020287050     1.658  
        1    1      1   2    -1.500 -0.500  0.500     -0.000000000     1.658  
        1    1      2   1    -1.500 -0.500  0.500     -0.000000000     1.658  
        1    1      2   2    -1.500 -0.500  0.500      0.000000000     1.658  
        1    1      1   1     1.500 -0.500  0.500      0.020287049     1.658  
        1    1      1   2     1.500 -0.500  0.500     -0.000000000     1.658  
        1    1      2   1     1.500 -0.500  0.500     -0.000000000     1.658  
        1    1      2   2     1.500 -0.500  0.500      0.000000000     1.658  
        1    1      1   1    -1.500  0.500  0.500      0.020287049     1.658  
        1    1      1   2    -1.500  0.500  0.500     -0.000000000     1.658  
        1    1      2   1    -1.500  0.500  0.500     -0.000000000     1.658  
        1    1      2   2    -1.500  0.500  0.500      0.000000000     1.658  
        1    1      1   1     1.500  0.500  0.500      0.020287048     1.658  
        1    1      1   2     1.500  0.500  0.500     -0.000000000     1.658  
        1    1      2   1     1.500  0.500  0.500     -0.000000000     1.658  
        1    1      2   2     1.500  0.500  0.500      0.000000000     1.658  
        1    1      1   1    -0.500  1.500  0.500      0.020204718     1.658  
        1    1      1   2    -0.500  1.500  0.500     -0.000000000     1.658  
        1    1      2   1    -0.500  1.500  0.500     -0.000000000     1.658  
        1    1      2   2    -0.500  1.500  0.500      0.000000000     1.658  
        1    1      1   1     0.500  1.500  0.500      0.020204717     1.658  
        1    1      1   2     0.500  1.500  0.500     -0.000000000     1.658  
        1    1      2   1     0.500  1.500  0.500     -0.000000000     1.658  
        1    1      2   2     0.500  1.500  0.500      0.000000000     1.658  
        1    1      1   1    -0.500 -0.500  1.500      0.020206550     1.658  
        1    1      1   2    -0.500 -0.500  1.500     -0.000000000     1.658  
        1    1      2   1    -0.500 -0.500  1.500     -0.000000000     1.658  
        1    1      2   2    -0.500 -0.500  1.500      0.000000000     1.658  
        1    1      1   1     0.500 -0.500  1.500      0.020206551     1.658  
        1    1      1   2     0.500 -0.500  1.500     -0.000000000     1.658  
        1    1      2   1     0.500 -0.500  1.500     -0.000000000     1.658  
        1    1      2   2     0.500 -0.500  1.500      0.000000000     1.658  
        1    1      1   1    -0.500  0.500  1.500      0.020206551     1.658  
        1    1      1   2    -0.500  0.500  1.500     -0.000000000     1.658  
        1    1      2   1    -0.500  0.500  1.500     -0.000000000     1.658  
        1    1      2   2    -0.500  0.500  1.500      0.000000000     1.658  
        1    1      1   1     0.500  0.500  1.500      0.020206549     1.658  
        1    1      1   2     0.500  0.500  1.500     -0.000000000     1.658  
        1    1      2   1     0.500  0.500  1.500     -0.000000000     1.658  
        1    1      2   2     0.500  0.500  1.500      0.000000000     1.658  
        1    1      1   1    -1.000 -1.000 -1.000      0.021907102     1.732  
        1    1      1   2    -1.000 -1.000 -1.000     -0.000000000     1.732  
        1    1      2   1    -1.000 -1.000 -1.000     -0.000000000     1.732  
        1    1      2   2    -1.000 -1.000 -1.000     -0.000000000     1.732  
        1    1      1   1     1.000 -1.000 -1.000      0.021907102     1.732  
        1    1      1   2     1.000 -1.000 -1.000     -0.000000000     1.732  
        1    1      2   1     1.000 -1.000 -1.000     -0.000000000     1.732  
        1    1      2   2     1.000 -1.000 -1.000     -0.000000000     1.732  
        1    1      1   1    -1.000  1.000 -1.000      0.021907102     1.732  
        1    1      1   2    -1.000  1.000 -1.000     -0.000000000     1.732  
        1    1      2   1    -1.000  1.000 -1.000     -0.000000000     1.732  
        1    1      2   2    -1.000  1.000 -1.000     -0.000000000     1.732  
        1    1      1   1     1.000  1.000 -1.000      0.021907102     1.732  
        1    1      1   2     1.000  1.000 -1.000     -0.000000000     1.732  
        1    1      2   1     1.000  1.000 -1.000     -0.000000000     1.732  
        1    1      2   2     1.000  1.000 -1.000     -0.000000000     1.732  
        1    1      1   1    -1.000 -1.000  1.000      0.021907102     1.732  
        1    1      1   2    -1.000 -1.000  1.000     -0.000000000     1.732  
        1    1      2   1    -1.000 -1.000  1.000     -0.000000000     1.732  
        1    1      2   2    -1.000 -1.000  1.000     -0.000000000     1.732  
        1    1      1   1     1.000 -1.000  1.000      0.021907102     1.732  
        1    1      1   2     1.000 -1.000  1.000     -0.000000000     1.732  
        1    1      2   1     1.000 -1.000  1.000     -0.000000000     1.732  
        1    1      2   2     1.000 -1.000  1.000     -0.000000000     1.732  
        1    1      1   1    -1.000  1.000  1.000      0.021907102     1.732  
        1    1      1   2    -1.000  1.000  1.000     -0.000000000     1.732  
        1    1      2   1    -1.000  1.000  1.000     -0.000000000     1.732  
        1    1      2   2    -1.000  1.000  1.000     -0.000000000     1.732  
        1    1      1   1     1.000  1.000  1.000      0.021907102     1.732  
        1    1      1   2     1.000  1.000  1.000     -0.000000000     1.732  
        1    1      2   1     1.000  1.000  1.000     -0.000000000     1.732  
        1    1      2   2     1.000  1.000  1.000     -0.000000000     1.732  
        1    1      1   1     0.000  0.000 -2.000     -0.023035634     2.000  
        1    1      1   2     0.000  0.000 -2.000     -0.000000000     2.000  
        1    1      2   1     0.000  0.000 -2.000     -0.000000000     2.000  
        1    1      2   2     0.000  0.000 -2.000      0.000000000     2.000  
        1    1      1   1     0.000 -2.000  0.000     -0.023023916     2.000  
        1    1      1   2     0.000 -2.000  0.000     -0.000000000     2.000  
        1    1      2   1     0.000 -2.000  0.000     -0.000000000     2.000  
        1    1      2   2     0.000 -2.000  0.000      0.000000000     2.000  
        1    1      1   1    -2.000  0.000  0.000     -0.023069369     2.000  
        1    1      1   2    -2.000  0.000  0.000     -0.000000000     2.000  
        1    1      2   1    -2.000  0.000  0.000     -0.000000000     2.000  
        1    1      2   2    -2.000  0.000  0.000      0.000000000     2.000  
        1    1      1   1     2.000  0.000  0.000     -0.023069369     2.000  
        1    1      1   2     2.000  0.000  0.000     -0.000000000     2.000  
        1    1      2   1     2.000  0.000  0.000     -0.000000000     2.000  
        1    1      2   2     2.000  0.000  0.000      0.000000000     2.000  
        1    1      1   1     0.000  2.000  0.000     -0.023023916     2.000  
        1    1      1   2     0.000  2.000  0.000     -0.000000000     2.000  
        1    1      2   1     0.000  2.000  0.000     -0.000000000     2.000  
        1    1      2   2     0.000  2.000  0.000      0.000000000     2.000  
        1    1      1   1     0.000  0.000  2.000     -0.023035634     2.000  
        1    1      1   2     0.000  0.000  2.000     -0.000000000     2.000  
        1    1      2   1     0.000  0.000  2.000     -0.000000000     2.000  
        1    1      2   2     0.000  0.000  2.000      0.000000000     2.000  
        1    1      1   1    -0.500 -1.500 -1.500      0.017332231     2.179  
        1    1      1   2    -0.500 -1.500 -1.500     -0.000000000     2.179  
        1    1      2   1    -0.500 -1.500 -1.500     -0.000000000     2.179  
        1    1      2   2    -0.500 -1.500 -1.500      0.000000000     2.179  
        1    1      1   1     0.500 -1.500 -1.500      0.017332232     2.179  
        1    1      1   2     0.500 -1.500 -1.500     -0.000000000     2.179  
        1    1      2   1     0.500 -1.500 -1.500     -0.000000000     2.179  
        1    1      2   2     0.500 -1.500 -1.500      0.000000000     2.179  
        1    1      1   1    -1.500 -0.500 -1.500      0.017339251     2.179  
        1    1      1   2    -1.500 -0.500 -1.500     -0.000000000     2.179  
        1    1      2   1    -1.500 -0.500 -1.500     -0.000000000     2.179  
        1    1      2   2    -1.500 -0.500 -1.500      0.000000000     2.179  
        1    1      1   1     1.500 -0.500 -1.500      0.017339252     2.179  
        1    1      1   2     1.500 -0.500 -1.500     -0.000000000     2.179  
        1    1      2   1     1.500 -0.500 -1.500     -0.000000000     2.179  
        1    1      2   2     1.500 -0.500 -1.500      0.000000000     2.179  
        1    1      1   1    -1.500  0.500 -1.500      0.017339252     2.179  
        1    1      1   2    -1.500  0.500 -1.500     -0.000000000     2.179  
        1    1      2   1    -1.500  0.500 -1.500     -0.000000000     2.179  
        1    1      2   2    -1.500  0.500 -1.500      0.000000000     2.179  
        1    1      1   1     1.500  0.500 -1.500      0.017339252     2.179  
        1    1      1   2     1.500  0.500 -1.500     -0.000000000     2.179  
        1    1      2   1     1.500  0.500 -1.500     -0.000000000     2.179  
        1    1      2   2     1.500  0.500 -1.500      0.000000000     2.179  
        1    1      1   1    -0.500  1.500 -1.500      0.017332233     2.179  
        1    1      1   2    -0.500  1.500 -1.500     -0.000000000     2.179  
        1    1      2   1    -0.500  1.500 -1.500     -0.000000000     2.179  
        1    1      2   2    -0.500  1.500 -1.500      0.000000000     2.179  
        1    1      1   1     0.500  1.500 -1.500      0.017332232     2.179  
        1    1      1   2     0.500  1.500 -1.500     -0.000000000     2.179  
        1    1      2   1     0.500  1.500 -1.500     -0.000000000     2.179  
        1    1      2   2     0.500  1.500 -1.500      0.000000000     2.179  
        1    1      1   1    -1.500 -1.500 -0.500      0.017338505     2.179  
        1    1      1   2    -1.500 -1.500 -0.500     -0.000000000     2.179  
        1    1      2   1    -1.500 -1.500 -0.500     -0.000000000     2.179  
        1    1      2   2    -1.500 -1.500 -0.500      0.000000000     2.179  
        1    1      1   1     1.500 -1.500 -0.500      0.017338506     2.179  
        1    1      1   2     1.500 -1.500 -0.500     -0.000000000     2.179  
        1    1      2   1     1.500 -1.500 -0.500     -0.000000000     2.179  
        1    1      2   2     1.500 -1.500 -0.500      0.000000000     2.179  
        1    1      1   1    -1.500  1.500 -0.500      0.017338506     2.179  
        1    1      1   2    -1.500  1.500 -0.500     -0.000000000     2.179  
        1    1      2   1    -1.500  1.500 -0.500     -0.000000000     2.179  
        1    1      2   2    -1.500  1.500 -0.500      0.000000000     2.179  
        1    1      1   1     1.500  1.500 -0.500      0.017338507     2.179  
        1    1      1   2     1.500  1.500 -0.500     -0.000000000     2.179  
        1    1      2   1     1.500  1.500 -0.500     -0.000000000     2.179  
        1    1      2   2     1.500  1.500 -0.500      0.000000000     2.179  
        1    1      1   1    -1.500 -1.500  0.500      0.017338507     2.179  
        1    1      1   2    -1.500 -1.500  0.500     -0.000000000     2.179  
        1    1      2   1    -1.500 -1.500  0.500     -0.000000000     2.179  
        1    1      2   2    -1.500 -1.500  0.500      0.000000000     2.179  
        1    1      1   1     1.500 -1.500  0.500      0.017338506     2.179  
        1    1      1   2     1.500 -1.500  0.500     -0.000000000     2.179  
        1    1      2   1     1.500 -1.500  0.500     -0.000000000     2.179  
        1    1      2   2     1.500 -1.500  0.500      0.000000000     2.179  
        1    1      1   1    -1.500  1.500  0.500      0.017338506     2.179  
        1    1      1   2    -1.500  1.500  0.500     -0.000000000     2.179  
        1    1      2   1    -1.500  1.500  0.500     -0.000000000     2.179  
        1    1      2   2    -1.500  1.500  0.500      0.000000000     2.179  
        1    1      1   1     1.500  1.500  0.500      0.017338505     2.179  
        1    1      1   2     1.500  1.500  0.500     -0.000000000     2.179  
        1    1      2   1     1.500  1.500  0.500     -0.000000000     2.179  
        1    1      2   2     1.500  1.500  0.500      0.000000000     2.179  
        1    1      1   1    -0.500 -1.500  1.500      0.017332232     2.179  
        1    1      1   2    -0.500 -1.500  1.500     -0.000000000     2.179  
        1    1      2   1    -0.500 -1.500  1.500     -0.000000000     2.179  
        1    1      2   2    -0.500 -1.500  1.500      0.000000000     2.179  
        1    1      1   1     0.500 -1.500  1.500      0.017332233     2.179  
        1    1      1   2     0.500 -1.500  1.500     -0.000000000     2.179  
        1    1      2   1     0.500 -1.500  1.500     -0.000000000     2.179  
        1    1      2   2     0.500 -1.500  1.500      0.000000000     2.179  
        1    1      1   1    -1.500 -0.500  1.500      0.017339252     2.179  
        1    1      1   2    -1.500 -0.500  1.500     -0.000000000     2.179  
        1    1      2   1    -1.500 -0.500  1.500     -0.000000000     2.179  
        1    1      2   2    -1.500 -0.500  1.500      0.000000000     2.179  
        1    1      1   1     1.500 -0.500  1.500      0.017339252     2.179  
        1    1      1   2     1.500 -0.500  1.500     -0.000000000     2.179  
        1    1      2   1     1.500 -0.500  1.500     -0.000000000     2.179  
        1    1      2   2     1.500 -0.500  1.500      0.000000000     2.179  
        1    1      1   1    -1.500  0.500  1.500      0.017339252     2.179  
        1    1      1   2    -1.500  0.500  1.500     -0.000000000     2.179  
        1    1      2   1    -1.500  0.500  1.500     -0.000000000     2.179  
        1    1      2   2    -1.500  0.500  1.500      0.000000000     2.179  
        1    1      1   1     1.500  0.500  1.500      0.017339251     2.179  
        1    1      1   2     1.500  0.500  1.500     -0.000000000     2.179  
        1    1      2   1     1.500  0.500  1.500     -0.000000000     2.179  
        1    1      2   2     1.500  0.500  1.500      0.000000000     2.179  
        1    1      1   1    -0.500  1.500  1.500      0.017332232     2.179  
        1    1      1   2    -0.500  1.500  1.500     -0.000000000     2.179  
        1    1      2   1    -0.500  1.500  1.500     -0.000000000     2.179  
        1    1      2   2    -0.500  1.500  1.500      0.000000000     2.179  
        1    1      1   1     0.500  1.500  1.500      0.017332231     2.179  
        1    1      1   2     0.500  1.500  1.500     -0.000000000     2.179  
        1    1      2   1     0.500  1.500  1.500     -0.000000000     2.179  
        1    1      2   2     0.500  1.500  1.500      0.000000000     2.179  
        1    1      1   1     0.000 -1.000 -2.000      0.001716827     2.236  
        1    1      1   2     0.000 -1.000 -2.000     -0.000000000     2.236  
        1    1      2   1     0.000 -1.000 -2.000     -0.000000000     2.236  
        1    1      2   2     0.000 -1.000 -2.000      0.000000000     2.236  
        1    1      1   1    -1.000  0.000 -2.000      0.001724057     2.236  
        1    1      1   2    -1.000  0.000 -2.000     -0.000000000     2.236  
        1    1      2   1    -1.000  0.000 -2.000     -0.000000000     2.236  
        1    1      2   2    -1.000  0.000 -2.000      0.000000000     2.236  
        1    1      1   1     1.000  0.000 -2.000      0.001724058     2.236  
        1    1      1   2     1.000  0.000 -2.000     -0.000000000     2.236  
        1    1      2   1     1.000  0.000 -2.000     -0.000000000     2.236  
        1    1      2   2     1.000  0.000 -2.000      0.000000000     2.236  
        1    1      1   1     0.000  1.000 -2.000      0.001716828     2.236  
        1    1      1   2     0.000  1.000 -2.000     -0.000000000     2.236  
        1    1      2   1     0.000  1.000 -2.000     -0.000000000     2.236  
        1    1      2   2     0.000  1.000 -2.000      0.000000000     2.236  
        1    1      1   1     0.000 -2.000 -1.000      0.001713433     2.236  
        1    1      1   2     0.000 -2.000 -1.000     -0.000000000     2.236  
        1    1      2   1     0.000 -2.000 -1.000     -0.000000000     2.236  
        1    1      2   2     0.000 -2.000 -1.000      0.000000000     2.236  
        1    1      1   1    -2.000  0.000 -1.000      0.001719182     2.236  
        1    1      1   2    -2.000  0.000 -1.000     -0.000000000     2.236  
        1    1      2   1    -2.000  0.000 -1.000     -0.000000000     2.236  
        1    1      2   2    -2.000  0.000 -1.000      0.000000000     2.236  
        1    1      1   1     2.000  0.000 -1.000      0.001719183     2.236  
        1    1      1   2     2.000  0.000 -1.000     -0.000000000     2.236  
        1    1      2   1     2.000  0.000 -1.000     -0.000000000     2.236  
        1    1      2   2     2.000  0.000 -1.000      0.000000000     2.236  
        1    1      1   1     0.000  2.000 -1.000      0.001713434     2.236  
        1    1      1   2     0.000  2.000 -1.000     -0.000000000     2.236  
        1    1      2   1     0.000  2.000 -1.000     -0.000000000     2.236  
        1    1      2   2     0.000  2.000 -1.000      0.000000000     2.236  
        1    1      1   1    -1.000 -2.000  0.000      0.001721779     2.236  
        1    1      1   2    -1.000 -2.000  0.000     -0.000000000     2.236  
        1    1      2   1    -1.000 -2.000  0.000     -0.000000000     2.236  
        1    1      2   2    -1.000 -2.000  0.000      0.000000000     2.236  
        1    1      1   1     1.000 -2.000  0.000      0.001721780     2.236  
        1    1      1   2     1.000 -2.000  0.000     -0.000000000     2.236  
        1    1      2   1     1.000 -2.000  0.000     -0.000000000     2.236  
        1    1      2   2     1.000 -2.000  0.000      0.000000000     2.236  
        1    1      1   1    -2.000 -1.000  0.000      0.001720291     2.236  
        1    1      1   2    -2.000 -1.000  0.000     -0.000000000     2.236  
        1    1      2   1    -2.000 -1.000  0.000     -0.000000000     2.236  
        1    1      2   2    -2.000 -1.000  0.000      0.000000000     2.236  
        1    1      1   1     2.000 -1.000  0.000      0.001720291     2.236  
        1    1      1   2     2.000 -1.000  0.000     -0.000000000     2.236  
        1    1      2   1     2.000 -1.000  0.000     -0.000000000     2.236  
        1    1      2   2     2.000 -1.000  0.000      0.000000000     2.236  
        1    1      1   1    -2.000  1.000  0.000      0.001720291     2.236  
        1    1      1   2    -2.000  1.000  0.000     -0.000000000     2.236  
        1    1      2   1    -2.000  1.000  0.000     -0.000000000     2.236  
        1    1      2   2    -2.000  1.000  0.000      0.000000000     2.236  
        1    1      1   1     2.000  1.000  0.000      0.001720291     2.236  
        1    1      1   2     2.000  1.000  0.000     -0.000000000     2.236  
        1    1      2   1     2.000  1.000  0.000     -0.000000000     2.236  
        1    1      2   2     2.000  1.000  0.000      0.000000000     2.236  
        1    1      1   1    -1.000  2.000  0.000      0.001721780     2.236  
        1    1      1   2    -1.000  2.000  0.000     -0.000000000     2.236  
        1    1      2   1    -1.000  2.000  0.000     -0.000000000     2.236  
        1    1      2   2    -1.000  2.000  0.000      0.000000000     2.236  
        1    1      1   1     1.000  2.000  0.000      0.001721779     2.236  
        1    1      1   2     1.000  2.000  0.000     -0.000000000     2.236  
        1    1      2   1     1.000  2.000  0.000     -0.000000000     2.236  
        1    1      2   2     1.000  2.000  0.000      0.000000000     2.236  
        1    1      1   1     0.000 -2.000  1.000      0.001713434     2.236  
        1    1      1   2     0.000 -2.000  1.000     -0.000000000     2.236  
        1    1      2   1     0.000 -2.000  1.000     -0.000000000     2.236  
        1    1      2   2     0.000 -2.000  1.000      0.000000000     2.236  
        1    1      1   1    -2.000  0.000  1.000      0.001719183     2.236  
        1    1      1   2    -2.000  0.000  1.000     -0.000000000     2.236  
        1    1      2   1    -2.000  0.000  1.000     -0.000000000     2.236  
        1    1      2   2    -2.000  0.000  1.000      0.000000000     2.236  
        1    1      1   1     2.000  0.000  1.000      0.001719182     2.236  
        1    1      1   2     2.000  0.000  1.000     -0.000000000     2.236  
        1    1      2   1     2.000  0.000  1.000     -0.000000000     2.236  
        1    1      2   2     2.000  0.000  1.000      0.000000000     2.236  
        1    1      1   1     0.000  2.000  1.000      0.001713433     2.236  
        1    1      1   2     0.000  2.000  1.000     -0.000000000     2.236  
        1    1      2   1     0.000  2.000  1.000     -0.000000000     2.236  
        1    1      2   2     0.000  2.000  1.000      0.000000000     2.236  
        1    1      1   1     0.000 -1.000  2.000      0.001716828     2.236  
        1    1      1   2     0.000 -1.000  2.000     -0.000000000     2.236  
        1    1      2   1     0.000 -1.000  2.000     -0.000000000     2.236  
        1    1      2   2     0.000 -1.000  2.000      0.000000000     2.236  
        1    1      1   1    -1.000  0.000  2.000      0.001724058     2.236  
        1    1      1   2    -1.000  0.000  2.000     -0.000000000     2.236  
        1    1      2   1    -1.000  0.000  2.000     -0.000000000     2.236  
        1    1      2   2    -1.000  0.000  2.000      0.000000000     2.236  
        1    1      1   1     1.000  0.000  2.000      0.001724057     2.236  
        1    1      1   2     1.000  0.000  2.000     -0.000000000     2.236  
        1    1      2   1     1.000  0.000  2.000     -0.000000000     2.236  
        1    1      2   2     1.000  0.000  2.000      0.000000000     2.236  
        1    1      1   1     0.000  1.000  2.000      0.001716827     2.236  
        1    1      1   2     0.000  1.000  2.000     -0.000000000     2.236  
        1    1      2   1     0.000  1.000  2.000     -0.000000000     2.236  
        1    1      2   2     0.000  1.000  2.000      0.000000000     2.236  
        1    1      1   1    -1.000 -1.000 -2.000     -0.008013260     2.449  
        1    1      1   2    -1.000 -1.000 -2.000      0.000000000     2.449  
        1    1      2   1    -1.000 -1.000 -2.000      0.000000000     2.449  
        1    1      2   2    -1.000 -1.000 -2.000      0.000000000     2.449  
        1    1      1   1     1.000 -1.000 -2.000     -0.008013260     2.449  
        1    1      1   2     1.000 -1.000 -2.000      0.000000000     2.449  
        1    1      2   1     1.000 -1.000 -2.000      0.000000000     2.449  
        1    1      2   2     1.000 -1.000 -2.000      0.000000000     2.449  
        1    1      1   1    -1.000  1.000 -2.000     -0.008013260     2.449  
        1    1      1   2    -1.000  1.000 -2.000      0.000000000     2.449  
        1    1      2   1    -1.000  1.000 -2.000      0.000000000     2.449  
        1    1      2   2    -1.000  1.000 -2.000      0.000000000     2.449  
        1    1      1   1     1.000  1.000 -2.000     -0.008013259     2.449  
        1    1      1   2     1.000  1.000 -2.000      0.000000000     2.449  
        1    1      2   1     1.000  1.000 -2.000      0.000000000     2.449  
        1    1      2   2     1.000  1.000 -2.000      0.000000000     2.449  
        1    1      1   1    -1.000 -2.000 -1.000     -0.008010305     2.449  
        1    1      1   2    -1.000 -2.000 -1.000      0.000000000     2.449  
        1    1      2   1    -1.000 -2.000 -1.000      0.000000000     2.449  
        1    1      2   2    -1.000 -2.000 -1.000      0.000000000     2.449  
        1    1      1   1     1.000 -2.000 -1.000     -0.008010305     2.449  
        1    1      1   2     1.000 -2.000 -1.000      0.000000000     2.449  
        1    1      2   1     1.000 -2.000 -1.000      0.000000000     2.449  
        1    1      2   2     1.000 -2.000 -1.000      0.000000000     2.449  
        1    1      1   1    -2.000 -1.000 -1.000     -0.008004170     2.449  
        1    1      1   2    -2.000 -1.000 -1.000      0.000000000     2.449  
        1    1      2   1    -2.000 -1.000 -1.000      0.000000000     2.449  
        1    1      2   2    -2.000 -1.000 -1.000      0.000000000     2.449  
        1    1      1   1     2.000 -1.000 -1.000     -0.008004169     2.449  
        1    1      1   2     2.000 -1.000 -1.000      0.000000000     2.449  
        1    1      2   1     2.000 -1.000 -1.000      0.000000000     2.449  
        1    1      2   2     2.000 -1.000 -1.000      0.000000000     2.449  
        1    1      1   1    -2.000  1.000 -1.000     -0.008004170     2.449  
        1    1      1   2    -2.000  1.000 -1.000      0.000000000     2.449  
        1    1      2   1    -2.000  1.000 -1.000      0.000000000     2.449  
        1    1      2   2    -2.000  1.000 -1.000      0.000000000     2.449  
        1    1      1   1     2.000  1.000 -1.000     -0.008004170     2.449  
        1    1      1   2     2.000  1.000 -1.000      0.000000000     2.449  
        1    1      2   1     2.000  1.000 -1.000      0.000000000     2.449  
        1    1      2   2     2.000  1.000 -1.000      0.000000000     2.449  
        1    1      1   1    -1.000  2.000 -1.000     -0.008010305     2.449  
        1    1      1   2    -1.000  2.000 -1.000      0.000000000     2.449  
        1    1      2   1    -1.000  2.000 -1.000      0.000000000     2.449  
        1    1      2   2    -1.000  2.000 -1.000      0.000000000     2.449  
        1    1      1   1     1.000  2.000 -1.000     -0.008010305     2.449  
        1    1      1   2     1.000  2.000 -1.000      0.000000000     2.449  
        1    1      2   1     1.000  2.000 -1.000      0.000000000     2.449  
        1    1      2   2     1.000  2.000 -1.000      0.000000000     2.449  
        1    1      1   1    -1.000 -2.000  1.000     -0.008010305     2.449  
        1    1      1   2    -1.000 -2.000  1.000      0.000000000     2.449  
        1    1      2   1    -1.000 -2.000  1.000      0.000000000     2.449  
        1    1      2   2    -1.000 -2.000  1.000      0.000000000     2.449  
        1    1      1   1     1.000 -2.000  1.000     -0.008010305     2.449  
        1    1      1   2     1.000 -2.000  1.000      0.000000000     2.449  
        1    1      2   1     1.000 -2.000  1.000      0.000000000     2.449  
        1    1      2   2     1.000 -2.000  1.000      0.000000000     2.449  
        1    1      1   1    -2.000 -1.000  1.000     -0.008004170     2.449  
        1    1      1   2    -2.000 -1.000  1.000      0.000000000     2.449  
        1    1      2   1    -2.000 -1.000  1.000      0.000000000     2.449  
        1    1      2   2    -2.000 -1.000  1.000      0.000000000     2.449  
        1    1      1   1     2.000 -1.000  1.000     -0.008004170     2.449  
        1    1      1   2     2.000 -1.000  1.000      0.000000000     2.449  
        1    1      2   1     2.000 -1.000  1.000      0.000000000     2.449  
        1    1      2   2     2.000 -1.000  1.000      0.000000000     2.449  
        1    1      1   1    -2.000  1.000  1.000     -0.008004169     2.449  
        1    1      1   2    -2.000  1.000  1.000      0.000000000     2.449  
        1    1      2   1    -2.000  1.000  1.000      0.000000000     2.449  
        1    1      2   2    -2.000  1.000  1.000      0.000000000     2.449  
        1    1      1   1     2.000  1.000  1.000     -0.008004170     2.449  
        1    1      1   2     2.000  1.000  1.000      0.000000000     2.449  
        1    1      2   1     2.000  1.000  1.000      0.000000000     2.449  
        1    1      2   2     2.000  1.000  1.000      0.000000000     2.449  
        1    1      1   1    -1.000  2.000  1.000     -0.008010305     2.449  
        1    1      1   2    -1.000  2.000  1.000      0.000000000     2.449  
        1    1      2   1    -1.000  2.000  1.000      0.000000000     2.449  
        1    1      2   2    -1.000  2.000  1.000      0.000000000     2.449  
        1    1      1   1     1.000  2.000  1.000     -0.008010305     2.449  
        1    1      1   2     1.000  2.000  1.000      0.000000000     2.449  
        1    1      2   1     1.000  2.000  1.000      0.000000000     2.449  
        1    1      2   2     1.000  2.000  1.000      0.000000000     2.449  
        1    1      1   1    -1.000 -1.000  2.000     -0.008013259     2.449  
        1    1      1   2    -1.000 -1.000  2.000      0.000000000     2.449  
        1    1      2   1    -1.000 -1.000  2.000      0.000000000     2.449  
        1    1      2   2    -1.000 -1.000  2.000      0.000000000     2.449  
        1    1      1   1     1.000 -1.000  2.000     -0.008013260     2.449  
        1    1      1   2     1.000 -1.000  2.000      0.000000000     2.449  
        1    1      2   1     1.000 -1.000  2.000      0.000000000     2.449  
        1    1      2   2     1.000 -1.000  2.000      0.000000000     2.449  
        1    1      1   1    -1.000  1.000  2.000     -0.008013260     2.449  
        1    1      1   2    -1.000  1.000  2.000      0.000000000     2.449  
        1    1      2   1    -1.000  1.000  2.000      0.000000000     2.449  
        1    1      2   2    -1.000  1.000  2.000      0.000000000     2.449  
        1    1      1   1     1.000  1.000  2.000     -0.008013260     2.449  
        1    1      1   2     1.000  1.000  2.000      0.000000000     2.449  
        1    1      2   1     1.000  1.000  2.000      0.000000000     2.449  
        1    1      2   2     1.000  1.000  2.000      0.000000000     2.449  
        1    1      1   1    -0.500 -0.500 -2.500      0.014334525     2.598  
        1    1      1   2    -0.500 -0.500 -2.500     -0.000000000     2.598  
        1    1      2   1    -0.500 -0.500 -2.500     -0.000000000     2.598  
        1    1      2   2    -0.500 -0.500 -2.500      0.000000000     2.598  
        1    1      1   1     0.500 -0.500 -2.500      0.014334525     2.598  
        1    1      1   2     0.500 -0.500 -2.500     -0.000000000     2.598  
        1    1      2   1     0.500 -0.500 -2.500     -0.000000000     2.598  
        1    1      2   2     0.500 -0.500 -2.500      0.000000000     2.598  
        1    1      1   1    -0.500  0.500 -2.500      0.014334525     2.598  
        1    1      1   2    -0.500  0.500 -2.500     -0.000000000     2.598  
        1    1      2   1    -0.500  0.500 -2.500     -0.000000000     2.598  
        1    1      2   2    -0.500  0.500 -2.500      0.000000000     2.598  
        1    1      1   1     0.500  0.500 -2.500      0.014334525     2.598  
        1    1      1   2     0.500  0.500 -2.500     -0.000000000     2.598  
        1    1      2   1     0.500  0.500 -2.500     -0.000000000     2.598  
        1    1      2   2     0.500  0.500 -2.500      0.000000000     2.598  
        1    1      1   1    -1.500 -1.500 -1.500     -0.003690217     2.598  
        1    1      1   2    -1.500 -1.500 -1.500     -0.000000000     2.598  
        1    1      2   1    -1.500 -1.500 -1.500     -0.000000000     2.598  
        1    1      2   2    -1.500 -1.500 -1.500      0.000000000     2.598  
        1    1      1   1     1.500 -1.500 -1.500     -0.003690218     2.598  
        1    1      1   2     1.500 -1.500 -1.500     -0.000000000     2.598  
        1    1      2   1     1.500 -1.500 -1.500     -0.000000000     2.598  
        1    1      2   2     1.500 -1.500 -1.500      0.000000000     2.598  
        1    1      1   1    -1.500  1.500 -1.500     -0.003690218     2.598  
        1    1      1   2    -1.500  1.500 -1.500     -0.000000000     2.598  
        1    1      2   1    -1.500  1.500 -1.500     -0.000000000     2.598  
        1    1      2   2    -1.500  1.500 -1.500      0.000000000     2.598  
        1    1      1   1     1.500  1.500 -1.500     -0.003690218     2.598  
        1    1      1   2     1.500  1.500 -1.500     -0.000000000     2.598  
        1    1      2   1     1.500  1.500 -1.500     -0.000000000     2.598  
        1    1      2   2     1.500  1.500 -1.500      0.000000000     2.598  
        1    1      1   1    -0.500 -2.500 -0.500      0.014338163     2.598  
        1    1      1   2    -0.500 -2.500 -0.500     -0.000000000     2.598  
        1    1      2   1    -0.500 -2.500 -0.500     -0.000000000     2.598  
        1    1      2   2    -0.500 -2.500 -0.500      0.000000000     2.598  
        1    1      1   1     0.500 -2.500 -0.500      0.014338162     2.598  
        1    1      1   2     0.500 -2.500 -0.500     -0.000000000     2.598  
        1    1      2   1     0.500 -2.500 -0.500     -0.000000000     2.598  
        1    1      2   2     0.500 -2.500 -0.500      0.000000000     2.598  
        1    1      1   1    -2.500 -0.500 -0.500      0.014403769     2.598  
        1    1      1   2    -2.500 -0.500 -0.500     -0.000000000     2.598  
        1    1      2   1    -2.500 -0.500 -0.500     -0.000000000     2.598  
        1    1      2   2    -2.500 -0.500 -0.500      0.000000000     2.598  
        1    1      1   1     2.500 -0.500 -0.500      0.014403769     2.598  
        1    1      1   2     2.500 -0.500 -0.500     -0.000000000     2.598  
        1    1      2   1     2.500 -0.500 -0.500     -0.000000000     2.598  
        1    1      2   2     2.500 -0.500 -0.500      0.000000000     2.598  
        1    1      1   1    -2.500  0.500 -0.500      0.014403769     2.598  
        1    1      1   2    -2.500  0.500 -0.500     -0.000000000     2.598  
        1    1      2   1    -2.500  0.500 -0.500     -0.000000000     2.598  
        1    1      2   2    -2.500  0.500 -0.500      0.000000000     2.598  
        1    1      1   1     2.500  0.500 -0.500      0.014403769     2.598  
        1    1      1   2     2.500  0.500 -0.500     -0.000000000     2.598  
        1    1      2   1     2.500  0.500 -0.500     -0.000000000     2.598  
        1    1      2   2     2.500  0.500 -0.500      0.000000000     2.598  
        1    1      1   1    -0.500  2.500 -0.500      0.014338163     2.598  
        1    1      1   2    -0.500  2.500 -0.500     -0.000000000     2.598  
        1    1      2   1    -0.500  2.500 -0.500     -0.000000000     2.598  
        1    1      2   2    -0.500  2.500 -0.500      0.000000000     2.598  
        1    1      1   1     0.500  2.500 -0.500      0.014338162     2.598  
        1    1      1   2     0.500  2.500 -0.500     -0.000000000     2.598  
        1    1      2   1     0.500  2.500 -0.500     -0.000000000     2.598  
        1    1      2   2     0.500  2.500 -0.500      0.000000000     2.598  
        1    1      1   1    -0.500 -2.500  0.500      0.014338162     2.598  
        1    1      1   2    -0.500 -2.500  0.500     -0.000000000     2.598  
        1    1      2   1    -0.500 -2.500  0.500     -0.000000000     2.598  
        1    1      2   2    -0.500 -2.500  0.500      0.000000000     2.598  
        1    1      1   1     0.500 -2.500  0.500      0.014338163     2.598  
        1    1      1   2     0.500 -2.500  0.500     -0.000000000     2.598  
        1    1      2   1     0.500 -2.500  0.500     -0.000000000     2.598  
        1    1      2   2     0.500 -2.500  0.500      0.000000000     2.598  
        1    1      1   1    -2.500 -0.500  0.500      0.014403769     2.598  
        1    1      1   2    -2.500 -0.500  0.500     -0.000000000     2.598  
        1    1      2   1    -2.500 -0.500  0.500     -0.000000000     2.598  
        1    1      2   2    -2.500 -0.500  0.500      0.000000000     2.598  
        1    1      1   1     2.500 -0.500  0.500      0.014403769     2.598  
        1    1      1   2     2.500 -0.500  0.500     -0.000000000     2.598  
        1    1      2   1     2.500 -0.500  0.500     -0.000000000     2.598  
        1    1      2   2     2.500 -0.500  0.500      0.000000000     2.598  
        1    1      1   1    -2.500  0.500  0.500      0.014403769     2.598  
        1    1      1   2    -2.500  0.500  0.500     -0.000000000     2.598  
        1    1      2   1    -2.500  0.500  0.500     -0.000000000     2.598  
        1    1      2   2    -2.500  0.500  0.500      0.000000000     2.598  
        1    1      1   1     2.500  0.500  0.500      0.014403769     2.598  
        1    1      1   2     2.500  0.500  0.500     -0.000000000     2.598  
        1    1      2   1     2.500  0.500  0.500     -0.000000000     2.598  
        1    1      2   2     2.500  0.500  0.500      0.000000000     2.598  
        1    1      1   1    -0.500  2.500  0.500      0.014338162     2.598  
        1    1      1   2    -0.500  2.500  0.500     -0.000000000     2.598  
        1    1      2   1    -0.500  2.500  0.500     -0.000000000     2.598  
        1    1      2   2    -0.500  2.500  0.500      0.000000000     2.598  
        1    1      1   1     0.500  2.500  0.500      0.014338163     2.598  
        1    1      1   2     0.500  2.500  0.500     -0.000000000     2.598  
        1    1      2   1     0.500  2.500  0.500     -0.000000000     2.598  
        1    1      2   2     0.500  2.500  0.500      0.000000000     2.598  
        1    1      1   1    -1.500 -1.500  1.500     -0.003690218     2.598  
        1    1      1   2    -1.500 -1.500  1.500     -0.000000000     2.598  
        1    1      2   1    -1.500 -1.500  1.500     -0.000000000     2.598  
        1    1      2   2    -1.500 -1.500  1.500      0.000000000     2.598  
        1    1      1   1     1.500 -1.500  1.500     -0.003690218     2.598  
        1    1      1   2     1.500 -1.500  1.500     -0.000000000     2.598  
        1    1      2   1     1.500 -1.500  1.500     -0.000000000     2.598  
        1    1      2   2     1.500 -1.500  1.500      0.000000000     2.598  
        1    1      1   1    -1.500  1.500  1.500     -0.003690218     2.598  
        1    1      1   2    -1.500  1.500  1.500     -0.000000000     2.598  
        1    1      2   1    -1.500  1.500  1.500     -0.000000000     2.598  
        1    1      2   2    -1.500  1.500  1.500      0.000000000     2.598  
        1    1      1   1     1.500  1.500  1.500     -0.003690217     2.598  
        1    1      1   2     1.500  1.500  1.500     -0.000000000     2.598  
        1    1      2   1     1.500  1.500  1.500     -0.000000000     2.598  
        1    1      2   2     1.500  1.500  1.500      0.000000000     2.598  
        1    1      1   1    -0.500 -0.500  2.500      0.014334525     2.598  
        1    1      1   2    -0.500 -0.500  2.500     -0.000000000     2.598  
        1    1      2   1    -0.500 -0.500  2.500     -0.000000000     2.598  
        1    1      2   2    -0.500 -0.500  2.500      0.000000000     2.598  
        1    1      1   1     0.500 -0.500  2.500      0.014334525     2.598  
        1    1      1   2     0.500 -0.500  2.500     -0.000000000     2.598  
        1    1      2   1     0.500 -0.500  2.500     -0.000000000     2.598  
        1    1      2   2     0.500 -0.500  2.500      0.000000000     2.598  
        1    1      1   1    -0.500  0.500  2.500      0.014334525     2.598  
        1    1      1   2    -0.500  0.500  2.500     -0.000000000     2.598  
        1    1      2   1    -0.500  0.500  2.500     -0.000000000     2.598  
        1    1      2   2    -0.500  0.500  2.500      0.000000000     2.598  
        1    1      1   1     0.500  0.500  2.500      0.014334525     2.598  
        1    1      1   2     0.500  0.500  2.500     -0.000000000     2.598  
        1    1      2   1     0.500  0.500  2.500     -0.000000000     2.598  
        1    1      2   2     0.500  0.500  2.500      0.000000000     2.598  
        1    1      1   1     0.000 -2.000 -2.000     -0.015464768     2.828  
        1    1      1   2     0.000 -2.000 -2.000     -0.000000000     2.828  
        1    1      2   1     0.000 -2.000 -2.000     -0.000000000     2.828  
        1    1      2   2     0.000 -2.000 -2.000      0.000000000     2.828  
        1    1      1   1    -2.000  0.000 -2.000     -0.015576418     2.828  
        1    1      1   2    -2.000  0.000 -2.000     -0.000000000     2.828  
        1    1      2   1    -2.000  0.000 -2.000     -0.000000000     2.828  
        1    1      2   2    -2.000  0.000 -2.000      0.000000000     2.828  
        1    1      1   1     2.000  0.000 -2.000     -0.015576416     2.828  
        1    1      1   2     2.000  0.000 -2.000     -0.000000000     2.828  
        1    1      2   1     2.000  0.000 -2.000     -0.000000000     2.828  
        1    1      2   2     2.000  0.000 -2.000      0.000000000     2.828  
        1    1      1   1     0.000  2.000 -2.000     -0.015464766     2.828  
        1    1      1   2     0.000  2.000 -2.000     -0.000000000     2.828  
        1    1      2   1     0.000  2.000 -2.000     -0.000000000     2.828  
        1    1      2   2     0.000  2.000 -2.000      0.000000000     2.828  
        1    1      1   1    -2.000 -2.000  0.000     -0.015579272     2.828  
        1    1      1   2    -2.000 -2.000  0.000     -0.000000000     2.828  
        1    1      2   1    -2.000 -2.000  0.000     -0.000000000     2.828  
        1    1      2   2    -2.000 -2.000  0.000      0.000000000     2.828  
        1    1      1   1     2.000 -2.000  0.000     -0.015579269     2.828  
        1    1      1   2     2.000 -2.000  0.000     -0.000000000     2.828  
        1    1      2   1     2.000 -2.000  0.000     -0.000000000     2.828  
        1    1      2   2     2.000 -2.000  0.000      0.000000000     2.828  
        1    1      1   1    -2.000  2.000  0.000     -0.015579269     2.828  
        1    1      1   2    -2.000  2.000  0.000     -0.000000000     2.828  
        1    1      2   1    -2.000  2.000  0.000     -0.000000000     2.828  
        1    1      2   2    -2.000  2.000  0.000      0.000000000     2.828  
        1    1      1   1     2.000  2.000  0.000     -0.015579272     2.828  
        1    1      1   2     2.000  2.000  0.000     -0.000000000     2.828  
        1    1      2   1     2.000  2.000  0.000     -0.000000000     2.828  
        1    1      2   2     2.000  2.000  0.000      0.000000000     2.828  
        1    1      1   1     0.000 -2.000  2.000     -0.015464766     2.828  
        1    1      1   2     0.000 -2.000  2.000     -0.000000000     2.828  
        1    1      2   1     0.000 -2.000  2.000     -0.000000000     2.828  
        1    1      2   2     0.000 -2.000  2.000      0.000000000     2.828  
        1    1      1   1    -2.000  0.000  2.000     -0.015576416     2.828  
        1    1      1   2    -2.000  0.000  2.000     -0.000000000     2.828  
        1    1      2   1    -2.000  0.000  2.000     -0.000000000     2.828  
        1    1      2   2    -2.000  0.000  2.000      0.000000000     2.828  
        1    1      1   1     2.000  0.000  2.000     -0.015576418     2.828  
        1    1      1   2     2.000  0.000  2.000     -0.000000000     2.828  
        1    1      2   1     2.000  0.000  2.000     -0.000000000     2.828  
        1    1      2   2     2.000  0.000  2.000      0.000000000     2.828  
        1    1      1   1     0.000  2.000  2.000     -0.015464768     2.828  
        1    1      1   2     0.000  2.000  2.000     -0.000000000     2.828  
        1    1      2   1     0.000  2.000  2.000     -0.000000000     2.828  
        1    1      2   2     0.000  2.000  2.000      0.000000000     2.828  
        1    1      1   1    -0.500 -1.500 -2.500     -0.005163463     2.958  
        1    1      1   2    -0.500 -1.500 -2.500      0.000000000     2.958  
        1    1      2   1    -0.500 -1.500 -2.500      0.000000000     2.958  
        1    1      2   2    -0.500 -1.500 -2.500      0.000000000     2.958  
        1    1      1   1     0.500 -1.500 -2.500     -0.005163463     2.958  
        1    1      1   2     0.500 -1.500 -2.500      0.000000000     2.958  
        1    1      2   1     0.500 -1.500 -2.500      0.000000000     2.958  
        1    1      2   2     0.500 -1.500 -2.500      0.000000000     2.958  
        1    1      1   1    -1.500 -0.500 -2.500     -0.005167848     2.958  
        1    1      1   2    -1.500 -0.500 -2.500      0.000000000     2.958  
        1    1      2   1    -1.500 -0.500 -2.500      0.000000000     2.958  
        1    1      2   2    -1.500 -0.500 -2.500      0.000000000     2.958  
        1    1      1   1     1.500 -0.500 -2.500     -0.005167847     2.958  
        1    1      1   2     1.500 -0.500 -2.500      0.000000000     2.958  
        1    1      2   1     1.500 -0.500 -2.500      0.000000000     2.958  
        1    1      2   2     1.500 -0.500 -2.500      0.000000000     2.958  
        1    1      1   1    -1.500  0.500 -2.500     -0.005167848     2.958  
        1    1      1   2    -1.500  0.500 -2.500      0.000000000     2.958  
        1    1      2   1    -1.500  0.500 -2.500      0.000000000     2.958  
        1    1      2   2    -1.500  0.500 -2.500      0.000000000     2.958  
        1    1      1   1     1.500  0.500 -2.500     -0.005167847     2.958  
        1    1      1   2     1.500  0.500 -2.500      0.000000000     2.958  
        1    1      2   1     1.500  0.500 -2.500      0.000000000     2.958  
        1    1      2   2     1.500  0.500 -2.500      0.000000000     2.958  
        1    1      1   1    -0.500  1.500 -2.500     -0.005163463     2.958  
        1    1      1   2    -0.500  1.500 -2.500      0.000000000     2.958  
        1    1      2   1    -0.500  1.500 -2.500      0.000000000     2.958  
        1    1      2   2    -0.500  1.500 -2.500      0.000000000     2.958  
        1    1      1   1     0.500  1.500 -2.500     -0.005163463     2.958  
        1    1      1   2     0.500  1.500 -2.500      0.000000000     2.958  
        1    1      2   1     0.500  1.500 -2.500      0.000000000     2.958  
        1    1      2   2     0.500  1.500 -2.500      0.000000000     2.958  
        1    1      1   1    -0.500 -2.500 -1.500     -0.005162195     2.958  
        1    1      1   2    -0.500 -2.500 -1.500      0.000000000     2.958  
        1    1      2   1    -0.500 -2.500 -1.500      0.000000000     2.958  
        1    1      2   2    -0.500 -2.500 -1.500      0.000000000     2.958  
        1    1      1   1     0.500 -2.500 -1.500     -0.005162195     2.958  
        1    1      1   2     0.500 -2.500 -1.500      0.000000000     2.958  
        1    1      2   1     0.500 -2.500 -1.500      0.000000000     2.958  
        1    1      2   2     0.500 -2.500 -1.500      0.000000000     2.958  
        1    1      1   1    -2.500 -0.500 -1.500     -0.005161738     2.958  
        1    1      1   2    -2.500 -0.500 -1.500      0.000000000     2.958  
        1    1      2   1    -2.500 -0.500 -1.500      0.000000000     2.958  
        1    1      2   2    -2.500 -0.500 -1.500      0.000000000     2.958  
        1    1      1   1     2.500 -0.500 -1.500     -0.005161738     2.958  
        1    1      1   2     2.500 -0.500 -1.500      0.000000000     2.958  
        1    1      2   1     2.500 -0.500 -1.500      0.000000000     2.958  
        1    1      2   2     2.500 -0.500 -1.500      0.000000000     2.958  
        1    1      1   1    -2.500  0.500 -1.500     -0.005161739     2.958  
        1    1      1   2    -2.500  0.500 -1.500      0.000000000     2.958  
        1    1      2   1    -2.500  0.500 -1.500      0.000000000     2.958  
        1    1      2   2    -2.500  0.500 -1.500      0.000000000     2.958  
        1    1      1   1     2.500  0.500 -1.500     -0.005161738     2.958  
        1    1      1   2     2.500  0.500 -1.500      0.000000000     2.958  
        1    1      2   1     2.500  0.500 -1.500      0.000000000     2.958  
        1    1      2   2     2.500  0.500 -1.500      0.000000000     2.958  
        1    1      1   1    -0.500  2.500 -1.500     -0.005162194     2.958  
        1    1      1   2    -0.500  2.500 -1.500      0.000000000     2.958  
        1    1      2   1    -0.500  2.500 -1.500      0.000000000     2.958  
        1    1      2   2    -0.500  2.500 -1.500      0.000000000     2.958  
        1    1      1   1     0.500  2.500 -1.500     -0.005162194     2.958  
        1    1      1   2     0.500  2.500 -1.500      0.000000000     2.958  
        1    1      2   1     0.500  2.500 -1.500      0.000000000     2.958  
        1    1      2   2     0.500  2.500 -1.500      0.000000000     2.958  
        1    1      1   1    -1.500 -2.500 -0.500     -0.005166598     2.958  
        1    1      1   2    -1.500 -2.500 -0.500      0.000000000     2.958  
        1    1      2   1    -1.500 -2.500 -0.500      0.000000000     2.958  
        1    1      2   2    -1.500 -2.500 -0.500      0.000000000     2.958  
        1    1      1   1     1.500 -2.500 -0.500     -0.005166597     2.958  
        1    1      1   2     1.500 -2.500 -0.500      0.000000000     2.958  
        1    1      2   1     1.500 -2.500 -0.500      0.000000000     2.958  
        1    1      2   2     1.500 -2.500 -0.500      0.000000000     2.958  
        1    1      1   1    -2.500 -1.500 -0.500     -0.005161769     2.958  
        1    1      1   2    -2.500 -1.500 -0.500      0.000000000     2.958  
        1    1      2   1    -2.500 -1.500 -0.500      0.000000000     2.958  
        1    1      2   2    -2.500 -1.500 -0.500      0.000000000     2.958  
        1    1      1   1     2.500 -1.500 -0.500     -0.005161769     2.958  
        1    1      1   2     2.500 -1.500 -0.500      0.000000000     2.958  
        1    1      2   1     2.500 -1.500 -0.500      0.000000000     2.958  
        1    1      2   2     2.500 -1.500 -0.500      0.000000000     2.958  
        1    1      1   1    -2.500  1.500 -0.500     -0.005161769     2.958  
        1    1      1   2    -2.500  1.500 -0.500      0.000000000     2.958  
        1    1      2   1    -2.500  1.500 -0.500      0.000000000     2.958  
        1    1      2   2    -2.500  1.500 -0.500      0.000000000     2.958  
        1    1      1   1     2.500  1.500 -0.500     -0.005161769     2.958  
        1    1      1   2     2.500  1.500 -0.500      0.000000000     2.958  
        1    1      2   1     2.500  1.500 -0.500      0.000000000     2.958  
        1    1      2   2     2.500  1.500 -0.500      0.000000000     2.958  
        1    1      1   1    -1.500  2.500 -0.500     -0.005166597     2.958  
        1    1      1   2    -1.500  2.500 -0.500      0.000000000     2.958  
        1    1      2   1    -1.500  2.500 -0.500      0.000000000     2.958  
        1    1      2   2    -1.500  2.500 -0.500      0.000000000     2.958  
        1    1      1   1     1.500  2.500 -0.500     -0.005166598     2.958  
        1    1      1   2     1.500  2.500 -0.500      0.000000000     2.958  
        1    1      2   1     1.500  2.500 -0.500      0.000000000     2.958  
        1    1      2   2     1.500  2.500 -0.500      0.000000000     2.958  
        1    1      1   1    -1.500 -2.500  0.500     -0.005166598     2.958  
        1    1      1   2    -1.500 -2.500  0.500      0.000000000     2.958  
        1    1      2   1    -1.500 -2.500  0.500      0.000000000     2.958  
        1    1      2   2    -1.500 -2.500  0.500      0.000000000     2.958  
        1    1      1   1     1.500 -2.500  0.500     -0.005166597     2.958  
        1    1      1   2     1.500 -2.500  0.500      0.000000000     2.958  
        1    1      2   1     1.500 -2.500  0.500      0.000000000     2.958  
        1    1      2   2     1.500 -2.500  0.500      0.000000000     2.958  
        1    1      1   1    -2.500 -1.500  0.500     -0.005161769     2.958  
        1    1      1   2    -2.500 -1.500  0.500      0.000000000     2.958  
        1    1      2   1    -2.500 -1.500  0.500      0.000000000     2.958  
        1    1      2   2    -2.500 -1.500  0.500      0.000000000     2.958  
        1    1      1   1     2.500 -1.500  0.500     -0.005161769     2.958  
        1    1      1   2     2.500 -1.500  0.500      0.000000000     2.958  
        1    1      2   1     2.500 -1.500  0.500      0.000000000     2.958  
        1    1      2   2     2.500 -1.500  0.500      0.000000000     2.958  
        1    1      1   1    -2.500  1.500  0.500     -0.005161769     2.958  
        1    1      1   2    -2.500  1.500  0.500      0.000000000     2.958  
        1    1      2   1    -2.500  1.500  0.500      0.000000000     2.958  
        1    1      2   2    -2.500  1.500  0.500      0.000000000     2.958  
        1    1      1   1     2.500  1.500  0.500     -0.005161769     2.958  
        1    1      1   2     2.500  1.500  0.500      0.000000000     2.958  
        1    1      2   1     2.500  1.500  0.500      0.000000000     2.958  
        1    1      2   2     2.500  1.500  0.500      0.000000000     2.958  
        1    1      1   1    -1.500  2.500  0.500     -0.005166597     2.958  
        1    1      1   2    -1.500  2.500  0.500      0.000000000     2.958  
        1    1      2   1    -1.500  2.500  0.500      0.000000000     2.958  
        1    1      2   2    -1.500  2.500  0.500      0.000000000     2.958  
        1    1      1   1     1.500  2.500  0.500     -0.005166598     2.958  
        1    1      1   2     1.500  2.500  0.500      0.000000000     2.958  
        1    1      2   1     1.500  2.500  0.500      0.000000000     2.958  
        1    1      2   2     1.500  2.500  0.500      0.000000000     2.958  
        1    1      1   1    -0.500 -2.500  1.500     -0.005162194     2.958  
        1    1      1   2    -0.500 -2.500  1.500      0.000000000     2.958  
        1    1      2   1    -0.500 -2.500  1.500      0.000000000     2.958  
        1    1      2   2    -0.500 -2.500  1.500      0.000000000     2.958  
        1    1      1   1     0.500 -2.500  1.500     -0.005162194     2.958  
        1    1      1   2     0.500 -2.500  1.500      0.000000000     2.958  
        1    1      2   1     0.500 -2.500  1.500      0.000000000     2.958  
        1    1      2   2     0.500 -2.500  1.500      0.000000000     2.958  
        1    1      1   1    -2.500 -0.500  1.500     -0.005161738     2.958  
        1    1      1   2    -2.500 -0.500  1.500      0.000000000     2.958  
        1    1      2   1    -2.500 -0.500  1.500      0.000000000     2.958  
        1    1      2   2    -2.500 -0.500  1.500      0.000000000     2.958  
        1    1      1   1     2.500 -0.500  1.500     -0.005161739     2.958  
        1    1      1   2     2.500 -0.500  1.500      0.000000000     2.958  
        1    1      2   1     2.500 -0.500  1.500      0.000000000     2.958  
        1    1      2   2     2.500 -0.500  1.500      0.000000000     2.958  
        1    1      1   1    -2.500  0.500  1.500     -0.005161738     2.958  
        1    1      1   2    -2.500  0.500  1.500      0.000000000     2.958  
        1    1      2   1    -2.500  0.500  1.500      0.000000000     2.958  
        1    1      2   2    -2.500  0.500  1.500      0.000000000     2.958  
        1    1      1   1     2.500  0.500  1.500     -0.005161738     2.958  
        1    1      1   2     2.500  0.500  1.500      0.000000000     2.958  
        1    1      2   1     2.500  0.500  1.500      0.000000000     2.958  
        1    1      2   2     2.500  0.500  1.500      0.000000000     2.958  
        1    1      1   1    -0.500  2.500  1.500     -0.005162195     2.958  
        1    1      1   2    -0.500  2.500  1.500      0.000000000     2.958  
        1    1      2   1    -0.500  2.500  1.500      0.000000000     2.958  
        1    1      2   2    -0.500  2.500  1.500      0.000000000     2.958  
        1    1      1   1     0.500  2.500  1.500     -0.005162195     2.958  
        1    1      1   2     0.500  2.500  1.500      0.000000000     2.958  
        1    1      2   1     0.500  2.500  1.500      0.000000000     2.958  
        1    1      2   2     0.500  2.500  1.500      0.000000000     2.958  
        1    1      1   1    -0.500 -1.500  2.500     -0.005163463     2.958  
        1    1      1   2    -0.500 -1.500  2.500      0.000000000     2.958  
        1    1      2   1    -0.500 -1.500  2.500      0.000000000     2.958  
        1    1      2   2    -0.500 -1.500  2.500      0.000000000     2.958  
        1    1      1   1     0.500 -1.500  2.500     -0.005163463     2.958  
        1    1      1   2     0.500 -1.500  2.500      0.000000000     2.958  
        1    1      2   1     0.500 -1.500  2.500      0.000000000     2.958  
        1    1      2   2     0.500 -1.500  2.500      0.000000000     2.958  
        1    1      1   1    -1.500 -0.500  2.500     -0.005167847     2.958  
        1    1      1   2    -1.500 -0.500  2.500      0.000000000     2.958  
        1    1      2   1    -1.500 -0.500  2.500      0.000000000     2.958  
        1    1      2   2    -1.500 -0.500  2.500      0.000000000     2.958  
        1    1      1   1     1.500 -0.500  2.500     -0.005167848     2.958  
        1    1      1   2     1.500 -0.500  2.500      0.000000000     2.958  
        1    1      2   1     1.500 -0.500  2.500      0.000000000     2.958  
        1    1      2   2     1.500 -0.500  2.500      0.000000000     2.958  
        1    1      1   1    -1.500  0.500  2.500     -0.005167847     2.958  
        1    1      1   2    -1.500  0.500  2.500      0.000000000     2.958  
        1    1      2   1    -1.500  0.500  2.500      0.000000000     2.958  
        1    1      2   2    -1.500  0.500  2.500      0.000000000     2.958  
        1    1      1   1     1.500  0.500  2.500     -0.005167848     2.958  
        1    1      1   2     1.500  0.500  2.500      0.000000000     2.958  
        1    1      2   1     1.500  0.500  2.500      0.000000000     2.958  
        1    1      2   2     1.500  0.500  2.500      0.000000000     2.958  
        1    1      1   1    -0.500  1.500  2.500     -0.005163463     2.958  
        1    1      1   2    -0.500  1.500  2.500      0.000000000     2.958  
        1    1      2   1    -0.500  1.500  2.500      0.000000000     2.958  
        1    1      2   2    -0.500  1.500  2.500      0.000000000     2.958  
        1    1      1   1     0.500  1.500  2.500     -0.005163463     2.958  
        1    1      1   2     0.500  1.500  2.500      0.000000000     2.958  
        1    1      2   1     0.500  1.500  2.500      0.000000000     2.958  
        1    1      2   2     0.500  1.500  2.500      0.000000000     2.958  
        1    1      1   1     0.000  0.000 -3.000     -0.020577981     3.000  
        1    1      1   2     0.000  0.000 -3.000      0.000000000     3.000  
        1    1      2   1     0.000  0.000 -3.000      0.000000000     3.000  
        1    1      2   2     0.000  0.000 -3.000      0.000000000     3.000  
        1    1      1   1    -1.000 -2.000 -2.000     -0.006291154     3.000  
        1    1      1   2    -1.000 -2.000 -2.000      0.000000000     3.000  
        1    1      2   1    -1.000 -2.000 -2.000      0.000000000     3.000  
        1    1      2   2    -1.000 -2.000 -2.000      0.000000000     3.000  
        1    1      1   1     1.000 -2.000 -2.000     -0.006291154     3.000  
        1    1      1   2     1.000 -2.000 -2.000      0.000000000     3.000  
        1    1      2   1     1.000 -2.000 -2.000      0.000000000     3.000  
        1    1      2   2     1.000 -2.000 -2.000      0.000000000     3.000  
        1    1      1   1    -2.000 -1.000 -2.000     -0.006290697     3.000  
        1    1      1   2    -2.000 -1.000 -2.000      0.000000000     3.000  
        1    1      2   1    -2.000 -1.000 -2.000      0.000000000     3.000  
        1    1      2   2    -2.000 -1.000 -2.000      0.000000000     3.000  
        1    1      1   1     2.000 -1.000 -2.000     -0.006290696     3.000  
        1    1      1   2     2.000 -1.000 -2.000      0.000000000     3.000  
        1    1      2   1     2.000 -1.000 -2.000      0.000000000     3.000  
        1    1      2   2     2.000 -1.000 -2.000      0.000000000     3.000  
        1    1      1   1    -2.000  1.000 -2.000     -0.006290696     3.000  
        1    1      1   2    -2.000  1.000 -2.000      0.000000000     3.000  
        1    1      2   1    -2.000  1.000 -2.000      0.000000000     3.000  
        1    1      2   2    -2.000  1.000 -2.000      0.000000000     3.000  
        1    1      1   1     2.000  1.000 -2.000     -0.006290696     3.000  
        1    1      1   2     2.000  1.000 -2.000      0.000000000     3.000  
        1    1      2   1     2.000  1.000 -2.000      0.000000000     3.000  
        1    1      2   2     2.000  1.000 -2.000      0.000000000     3.000  
        1    1      1   1    -1.000  2.000 -2.000     -0.006291154     3.000  
        1    1      1   2    -1.000  2.000 -2.000      0.000000000     3.000  
        1    1      2   1    -1.000  2.000 -2.000      0.000000000     3.000  
        1    1      2   2    -1.000  2.000 -2.000      0.000000000     3.000  
        1    1      1   1     1.000  2.000 -2.000     -0.006291154     3.000  
        1    1      1   2     1.000  2.000 -2.000      0.000000000     3.000  
        1    1      2   1     1.000  2.000 -2.000      0.000000000     3.000  
        1    1      2   2     1.000  2.000 -2.000      0.000000000     3.000  
        1    1      1   1    -2.000 -2.000 -1.000     -0.006291057     3.000  
        1    1      1   2    -2.000 -2.000 -1.000      0.000000000     3.000  
        1    1      2   1    -2.000 -2.000 -1.000      0.000000000     3.000  
        1    1      2   2    -2.000 -2.000 -1.000      0.000000000     3.000  
        1    1      1   1     2.000 -2.000 -1.000     -0.006291057     3.000  
        1    1      1   2     2.000 -2.000 -1.000      0.000000000     3.000  
        1    1      2   1     2.000 -2.000 -1.000      0.000000000     3.000  
        1    1      2   2     2.000 -2.000 -1.000      0.000000000     3.000  
        1    1      1   1    -2.000  2.000 -1.000     -0.006291057     3.000  
        1    1      1   2    -2.000  2.000 -1.000      0.000000000     3.000  
        1    1      2   1    -2.000  2.000 -1.000      0.000000000     3.000  
        1    1      2   2    -2.000  2.000 -1.000      0.000000000     3.000  
        1    1      1   1     2.000  2.000 -1.000     -0.006291056     3.000  
        1    1      1   2     2.000  2.000 -1.000      0.000000000     3.000  
        1    1      2   1     2.000  2.000 -1.000      0.000000000     3.000  
        1    1      2   2     2.000  2.000 -1.000      0.000000000     3.000  
        1    1      1   1     0.000 -3.000  0.000     -0.020574822     3.000  
        1    1      1   2     0.000 -3.000  0.000      0.000000000     3.000  
        1    1      2   1     0.000 -3.000  0.000      0.000000000     3.000  
        1    1      2   2     0.000 -3.000  0.000      0.000000000     3.000  
        1    1      1   1    -3.000  0.000  0.000     -0.020600787     3.000  
        1    1      1   2    -3.000  0.000  0.000      0.000000000     3.000  
        1    1      2   1    -3.000  0.000  0.000      0.000000000     3.000  
        1    1      2   2    -3.000  0.000  0.000      0.000000000     3.000  
        1    1      1   1     3.000  0.000  0.000     -0.020600787     3.000  
        1    1      1   2     3.000  0.000  0.000      0.000000000     3.000  
        1    1      2   1     3.000  0.000  0.000      0.000000000     3.000  
        1    1      2   2     3.000  0.000  0.000      0.000000000     3.000  
        1    1      1   1     0.000  3.000  0.000     -0.020574822     3.000  
        1    1      1   2     0.000  3.000  0.000      0.000000000     3.000  
        1    1      2   1     0.000  3.000  0.000      0.000000000     3.000  
        1    1      2   2     0.000  3.000  0.000      0.000000000     3.000  
        1    1      1   1    -2.000 -2.000  1.000     -0.006291056     3.000  
        1    1      1   2    -2.000 -2.000  1.000      0.000000000     3.000  
        1    1      2   1    -2.000 -2.000  1.000      0.000000000     3.000  
        1    1      2   2    -2.000 -2.000  1.000      0.000000000     3.000  
        1    1      1   1     2.000 -2.000  1.000     -0.006291057     3.000  
        1    1      1   2     2.000 -2.000  1.000      0.000000000     3.000  
        1    1      2   1     2.000 -2.000  1.000      0.000000000     3.000  
        1    1      2   2     2.000 -2.000  1.000      0.000000000     3.000  
        1    1      1   1    -2.000  2.000  1.000     -0.006291057     3.000  
        1    1      1   2    -2.000  2.000  1.000      0.000000000     3.000  
        1    1      2   1    -2.000  2.000  1.000      0.000000000     3.000  
        1    1      2   2    -2.000  2.000  1.000      0.000000000     3.000  
        1    1      1   1     2.000  2.000  1.000     -0.006291057     3.000  
        1    1      1   2     2.000  2.000  1.000      0.000000000     3.000  
        1    1      2   1     2.000  2.000  1.000      0.000000000     3.000  
        1    1      2   2     2.000  2.000  1.000      0.000000000     3.000  
        1    1      1   1    -1.000 -2.000  2.000     -0.006291154     3.000  
        1    1      1   2    -1.000 -2.000  2.000      0.000000000     3.000  
        1    1      2   1    -1.000 -2.000  2.000      0.000000000     3.000  
        1    1      2   2    -1.000 -2.000  2.000      0.000000000     3.000  
        1    1      1   1     1.000 -2.000  2.000     -0.006291154     3.000  
        1    1      1   2     1.000 -2.000  2.000      0.000000000     3.000  
        1    1      2   1     1.000 -2.000  2.000      0.000000000     3.000  
        1    1      2   2     1.000 -2.000  2.000      0.000000000     3.000  
        1    1      1   1    -2.000 -1.000  2.000     -0.006290696     3.000  
        1    1      1   2    -2.000 -1.000  2.000      0.000000000     3.000  
        1    1      2   1    -2.000 -1.000  2.000      0.000000000     3.000  
        1    1      2   2    -2.000 -1.000  2.000      0.000000000     3.000  
        1    1      1   1     2.000 -1.000  2.000     -0.006290696     3.000  
        1    1      1   2     2.000 -1.000  2.000      0.000000000     3.000  
        1    1      2   1     2.000 -1.000  2.000      0.000000000     3.000  
        1    1      2   2     2.000 -1.000  2.000      0.000000000     3.000  
        1    1      1   1    -2.000  1.000  2.000     -0.006290696     3.000  
        1    1      1   2    -2.000  1.000  2.000      0.000000000     3.000  
        1    1      2   1    -2.000  1.000  2.000      0.000000000     3.000  
        1    1      2   2    -2.000  1.000  2.000      0.000000000     3.000  
        1    1      1   1     2.000  1.000  2.000     -0.006290697     3.000  
        1    1      1   2     2.000  1.000  2.000      0.000000000     3.000  
        1    1      2   1     2.000  1.000  2.000      0.000000000     3.000  
        1    1      2   2     2.000  1.000  2.000      0.000000000     3.000  
        1    1      1   1    -1.000  2.000  2.000     -0.006291154     3.000  
        1    1      1   2    -1.000  2.000  2.000      0.000000000     3.000  
        1    1      2   1    -1.000  2.000  2.000      0.000000000     3.000  
        1    1      2   2    -1.000  2.000  2.000      0.000000000     3.000  
        1    1      1   1     1.000  2.000  2.000     -0.006291154     3.000  
        1    1      1   2     1.000  2.000  2.000      0.000000000     3.000  
        1    1      2   1     1.000  2.000  2.000      0.000000000     3.000  
        1    1      2   2     1.000  2.000  2.000      0.000000000     3.000  
        1    1      1   1     0.000  0.000  3.000     -0.020577981     3.000  
        1    1      1   2     0.000  0.000  3.000      0.000000000     3.000  
        1    1      2   1     0.000  0.000  3.000      0.000000000     3.000  
        1    1      2   2     0.000  0.000  3.000      0.000000000     3.000  
